  0.20499   0.20537   0.20580   0.20393   0.19973   0.19508   0.18884   0.18184   0.17338   0.16643   0.15784   0.14890   0.14133   0.13221   0.12392   0.11569   0.10887   0.10257   0.09582   0.08975
  0.20568   0.20720   0.20668   0.20384   0.20153   0.19603   0.19141   0.18397   0.17551   0.16658   0.15906   0.14982   0.14105   0.13369   0.12566   0.11787   0.11053   0.10272   0.09663   0.09137
  0.20490   0.20661   0.20730   0.20453   0.20066   0.19687   0.19000   0.18392   0.17770   0.16889   0.15910   0.15215   0.14236   0.13468   0.12644   0.11870   0.10994   0.10414   0.09802   0.09185
  0.20322   0.20408   0.20489   0.20312   0.19968   0.19534   0.18914   0.18296   0.17624   0.16904   0.15977   0.15144   0.14328   0.13507   0.12704   0.11878   0.11163   0.10516   0.09763   0.09205
  0.19896   0.20055   0.20044   0.19980   0.19627   0.19296   0.18813   0.18161   0.17508   0.16752   0.15957   0.15116   0.14266   0.13434   0.12599   0.11890   0.11051   0.10401   0.09742   0.09219
  0.19545   0.19694   0.19767   0.19622   0.19359   0.19012   0.18425   0.17859   0.17183   0.16440   0.15795   0.14902   0.14029   0.13275   0.12494   0.11777   0.11103   0.10377   0.09744   0.09206
  0.19021   0.19134   0.19161   0.19093   0.18850   0.18523   0.18071   0.17507   0.16849   0.16165   0.15497   0.14726   0.13836   0.13199   0.12447   0.11638   0.11009   0.10401   0.09808   0.09201
  0.18342   0.18531   0.18581   0.18565   0.18339   0.18089   0.17579   0.17118   0.16530   0.15822   0.15152   0.14456   0.13827   0.13022   0.12274   0.11577   0.10908   0.10289   0.09695   0.09057
  0.17716   0.17909   0.18028   0.17971   0.17684   0.17473   0.17075   0.16744   0.16109   0.15470   0.14798   0.14179   0.13404   0.12798   0.12097   0.11431   0.10695   0.10172   0.09586   0.08978
  0.16944   0.17114   0.17220   0.17231   0.17134   0.16800   0.16425   0.16082   0.15630   0.15061   0.14479   0.13778   0.13118   0.12453   0.11742   0.11141   0.10594   0.10011   0.09419   0.08993
  0.16158   0.16304   0.16367   0.16506   0.16308   0.16125   0.16021   0.15543   0.15125   0.14625   0.14065   0.13412   0.12721   0.12155   0.11644   0.10993   0.10486   0.09913   0.09387   0.08847
  0.15520   0.15700   0.15809   0.15776   0.15586   0.15513   0.15284   0.15003   0.14500   0.14080   0.13534   0.12942   0.12345   0.11718   0.11264   0.10743   0.10106   0.09679   0.09120   0.08676
  0.14704   0.14863   0.15082   0.15092   0.14970   0.14766   0.14613   0.14233   0.13883   0.13487   0.13071   0.12520   0.11981   0.11500   0.10942   0.10550   0.09979   0.09457   0.09017   0.08563
  0.13840   0.14160   0.14259   0.14165   0.14013   0.13977   0.13899   0.13589   0.13287   0.12779   0.12452   0.11995   0.11553   0.11000   0.10569   0.10123   0.09692   0.09289   0.08777   0.08364
  0.13008   0.13245   0.13368   0.13415   0.13480   0.13202   0.13049   0.12798   0.12600   0.12163   0.11868   0.11437   0.11079   0.10689   0.10286   0.09784   0.09378   0.08890   0.08604   0.08159
  0.12282   0.12575   0.12595   0.12653   0.12613   0.12465   0.12363   0.12229   0.11934   0.11672   0.11333   0.11046   0.10610   0.10269   0.09921   0.09463   0.09114   0.08762   0.08358   0.07975
  0.11525   0.11727   0.11766   0.11855   0.11864   0.11827   0.11698   0.11544   0.11386   0.11084   0.10745   0.10437   0.10120   0.09786   0.09380   0.09183   0.08843   0.08524   0.08141   0.07919
  0.10840   0.11007   0.11095   0.11087   0.11105   0.10972   0.10889   0.10772   0.10617   0.10367   0.10146   0.09899   0.09703   0.09332   0.09064   0.08741   0.08471   0.08247   0.08033   0.07688
  0.10181   0.10298   0.10366   0.10426   0.10339   0.10326   0.10297   0.10133   0.09937   0.09831   0.09622   0.09483   0.09198   0.08989   0.08717   0.08449   0.08149   0.07877   0.07714   0.07477
  0.09577   0.09660   0.09744   0.09730   0.09654   0.09711   0.09643   0.09603   0.09515   0.09255   0.09114   0.08928   0.08695   0.08463   0.08248   0.08035   0.07885   0.07635   0.07582   0.07272
