  4.13129   3.93270   3.45917   2.81376   2.11768   1.47377   0.94760   0.56726   0.32317   0.18859   0.13329   0.12947   0.15282   0.18300   0.20425   0.20664   0.18694   0.14844   0.09855   0.04596
  3.95059   3.75073   3.28969   2.66604   1.99614   1.37850   0.87499   0.51139   0.27727   0.14616   0.08890   0.07959   0.09641   0.12204   0.14360   0.15317   0.14778   0.12907   0.10122   0.06914
  3.48840   3.30024   2.88533   2.32982   1.73561   1.18875   0.74299   0.42075   0.21189   0.09245   0.03687   0.02316   0.03345   0.05424   0.07598   0.09294   0.10249   0.10455   0.10004   0.09005
  2.85683   2.68830   2.33919   1.87955   1.39128   0.94292   0.57717   0.31180   0.13790   0.03585  -0.01464  -0.03049  -0.02500  -0.00771   0.01501   0.03934   0.06302   0.08451   0.10188   0.11279
  2.18211   2.03642   1.75890   1.40289   1.02909   0.68738   0.40844   0.20467   0.06876  -0.01367  -0.05689  -0.07245  -0.06927  -0.05348  -0.02892   0.00211   0.03765   0.07512   0.11047   0.13877
  1.57066   1.44689   1.23546   0.97463   0.70612   0.46273   0.26407   0.11715   0.01642  -0.04732  -0.08262  -0.09619  -0.09326  -0.07744  -0.05084  -0.01477   0.02906   0.07753   0.12539   0.16610
  1.08914   0.98400   0.82615   0.64202   0.45835   0.29449   0.16110   0.06048  -0.01144  -0.05953  -0.08768  -0.09882  -0.09542  -0.07942  -0.05190  -0.01361   0.03402   0.08777   0.14206   0.18973
  0.75783   0.66755   0.54850   0.41921   0.29622   0.18989   0.10418   0.03767  -0.01270  -0.04889  -0.07167  -0.08131  -0.07843  -0.06384  -0.03802  -0.00130   0.04522   0.09867   0.15369   0.20331
  0.55969   0.48077   0.38748   0.29372   0.21016   0.14171   0.08799   0.04496   0.00979  -0.01811  -0.03780  -0.04794  -0.04791  -0.03769  -0.01715   0.01383   0.05470   0.10309   0.15429   0.20187
  0.46128   0.39126   0.31437   0.24209   0.18204   0.13653   0.10291   0.07513   0.04992   0.02697   0.00781  -0.00534  -0.01101  -0.00833   0.00351   0.02530   0.05711   0.09721   0.14150   0.18414
  0.42792   0.36552   0.29942   0.23993   0.19333   0.16082   0.13885   0.11986   0.09992   0.07842   0.05700   0.03842   0.02476   0.01770   0.01881   0.02958   0.05086   0.08134   0.11721   0.15312
  0.42983   0.37504   0.31749   0.26672   0.22830   0.20285   0.18649   0.17072   0.15125   0.12735   0.10089   0.07512   0.05256   0.03545   0.02599   0.02622   0.03766   0.05912   0.08663   0.11501
  0.44404   0.39773   0.34881   0.30592   0.27374   0.25212   0.23686   0.21932   0.19560   0.16556   0.13181   0.09819   0.06739   0.04191   0.02417   0.01647   0.02067   0.03529   0.05579   0.07679
  0.45420   0.41759   0.37849   0.34428   0.31820   0.29882   0.28147   0.25818   0.22641   0.18748   0.14533   0.10439   0.06734   0.03645   0.01404   0.00226   0.00287   0.01373   0.02936   0.04395
  0.45023   0.42420   0.39610   0.37163   0.35214   0.33442   0.31317   0.28191   0.24020   0.19151   0.14137   0.09468   0.05391   0.02088  -0.00248  -0.01445  -0.01381  -0.00363   0.00961   0.01965
  0.42847   0.41306   0.39627   0.38188   0.36922   0.35303   0.32755   0.28827   0.23717   0.18006   0.12394   0.07380   0.03183  -0.00070  -0.02220  -0.03151  -0.02816  -0.01620  -0.00292   0.00502
  0.39112   0.38523   0.37869   0.37348   0.36707   0.35236   0.32348   0.27804   0.22029   0.15801   0.09918   0.04832   0.00730  -0.02300  -0.04117  -0.04643  -0.03906  -0.02378  -0.00841   0.00013
  0.34444   0.34584   0.34723   0.34906   0.34743   0.33397   0.30317   0.25460   0.19422   0.13109   0.07341   0.02469  -0.01363  -0.04081  -0.05540  -0.05666  -0.04528  -0.02623  -0.00739   0.00420
  0.29597   0.30170   0.30786   0.31377   0.31477   0.30207   0.27090   0.22241   0.16363   0.10406   0.05130   0.00746  -0.02662  -0.05028  -0.06180  -0.06004  -0.04566  -0.02331  -0.00052   0.01570
  0.25203   0.25900   0.26660   0.27349   0.27473   0.26199   0.23151   0.18568   0.13206   0.07977   0.03520  -0.00129  -0.02970  -0.04955  -0.05871  -0.05534  -0.03954  -0.01514   0.01100   0.03195
