  4.02693   3.83695   3.36191   2.71188   2.01286   1.36938   0.84197   0.44852   0.17767   0.00318  -0.10221  -0.15997  -0.18585  -0.19317  -0.19382  -0.19713  -0.20747  -0.22374  -0.24057  -0.25142
  3.84625   3.67607   3.23191   2.61776   1.95415   1.34079   0.83551   0.45529   0.18914   0.01208  -0.10151  -0.17123  -0.21089  -0.23202  -0.24476  -0.25672  -0.27106  -0.28616  -0.29703  -0.29832
  3.39421   3.25488   2.87373   2.33945   1.75754   1.21614   0.76665   0.42484   0.18119   0.01357  -0.10031  -0.17689  -0.22713  -0.26029  -0.28444  -0.30519  -0.32415  -0.33898  -0.34495  -0.33785
  2.77895   2.67554   2.37431   1.94509   1.47248   1.02819   0.65518   0.36785   0.15896   0.01052  -0.09560  -0.17226  -0.22728  -0.26780  -0.30015  -0.32813  -0.35178  -0.36780  -0.37136  -0.35891
  2.12070   2.05260   1.83356   1.51436   1.15754   0.81715   0.52690   0.29980   0.13128   0.00797  -0.08380  -0.15368  -0.20678  -0.24876  -0.28489  -0.31769  -0.34588  -0.36498  -0.36958  -0.35607
  1.51909   1.48056   1.33433   1.11410   0.86269   0.61803   0.40489   0.23512   0.10685   0.01105  -0.06204  -0.11958  -0.16486  -0.20288  -0.23869  -0.27409  -0.30684  -0.33120  -0.34063  -0.33069
  1.03394   1.01663   0.92684   0.78516   0.61900   0.45272   0.30360   0.18294   0.09107   0.02251  -0.02964  -0.07123  -0.10463  -0.13502  -0.16778  -0.20459  -0.24233  -0.27407  -0.29180  -0.28964
  0.68289   0.67770   0.62617   0.54003   0.43555   0.32733   0.22712   0.14570   0.08493   0.04183   0.01123  -0.01262  -0.03225  -0.05347  -0.08230  -0.12041  -0.16395  -0.20477  -0.23333  -0.24201
  0.45035   0.44950   0.42009   0.36875   0.30478   0.23643   0.17187   0.12081   0.08604   0.06606   0.05618   0.05010   0.04423   0.03171   0.00616  -0.03388  -0.08388  -0.13455  -0.17493  -0.19586
  0.30694   0.30494   0.28562   0.25345   0.21399   0.17178   0.13253   0.10467   0.09128   0.09145   0.10027   0.11054   0.11693   0.11144   0.08775   0.04499  -0.01158  -0.07160  -0.12316  -0.15604
  0.22329   0.21713   0.20065   0.17783   0.15238   0.12685   0.10527   0.09459   0.09800   0.11454   0.13880   0.16266   0.17872   0.17805   0.15490   0.10926   0.04703  -0.02051  -0.08113  -0.12423
  0.17672   0.16578   0.14896   0.13034   0.11275   0.09759   0.08776   0.08884   0.10412   0.13250   0.16801   0.20168   0.22434   0.22638   0.20316   0.15548   0.08970   0.01760  -0.04891  -0.09958
  0.15138   0.13649   0.11875   0.10228   0.08921   0.08016   0.07725   0.08527   0.10753   0.14290   0.18506   0.22438   0.25052   0.25371   0.23062   0.18275   0.11652   0.04360  -0.02500  -0.08009
  0.13695   0.11918   0.10093   0.08599   0.07557   0.06959   0.06975   0.08063   0.10562   0.14354   0.18808   0.22918   0.25615   0.25964   0.23770   0.19219   0.12916   0.05961  -0.00706  -0.06315
  0.12755   0.10753   0.08897   0.07498   0.06578   0.06050   0.06071   0.07130   0.09567   0.13274   0.17618   0.21584   0.24163   0.24516   0.22585   0.18556   0.12960   0.06782   0.00732  -0.04602
  0.12147   0.09932   0.08015   0.06609   0.05641   0.04960   0.04730   0.05503   0.07624   0.10983   0.14941   0.18517   0.20831   0.21199   0.19682   0.16453   0.11961   0.07010   0.02034  -0.02598
  0.12054   0.09636   0.07601   0.06056   0.04840   0.03759   0.03007   0.03224   0.04761   0.07508   0.10837   0.13832   0.15782   0.16188   0.15221   0.13059   0.10067   0.06801   0.03388  -0.00059
  0.12874   0.10311   0.08117   0.06300   0.04619   0.02855   0.01259   0.00566   0.01173   0.02994   0.05448   0.07701   0.09221   0.09695   0.09402   0.08552   0.07422   0.06281   0.04918   0.03155
  0.14981   0.12376   0.10016   0.07808   0.05445   0.02701  -0.00105  -0.02131  -0.02873  -0.02335  -0.01013   0.00368   0.01420   0.02007   0.02500   0.03160   0.04176   0.05512   0.06611   0.06969
  0.18503   0.15974   0.13454   0.10761   0.07525   0.03526  -0.00839  -0.04610  -0.07110  -0.08191  -0.08220  -0.07803  -0.07219  -0.06474  -0.05119  -0.02838   0.00459   0.04447   0.08239   0.11000
