  4.15243   3.95488   3.48191   2.83596   2.13732   1.49283   0.96812   0.58376   0.33134   0.18721   0.12404   0.11551   0.13853   0.17369   0.20561   0.22319   0.22008   0.19486   0.15040   0.09216
  3.96030   3.77715   3.32988   2.71494   2.04636   1.42648   0.91900   0.54489   0.29761   0.15639   0.09636   0.09283   0.12340   0.16859   0.21254   0.24365   0.25502   0.24426   0.21280   0.16441
  3.48305   3.32795   2.94167   2.40609   1.81966   1.27173   0.81874   0.48039   0.25322   0.12176   0.06618   0.06583   0.10081   0.15282   0.20624   0.24924   0.27439   0.27834   0.26095   0.22410
  2.83008   2.71088   2.40658   1.98043   1.50954   1.06444   0.69052   0.40477   0.20744   0.08963   0.03823   0.03841   0.07434   0.12991   0.19030   0.24349   0.28144   0.29965   0.29632   0.27135
  2.12517   2.04346   1.82676   1.51935   1.17514   0.84403   0.55855   0.33215   0.16848   0.06506   0.01626   0.01401   0.04742   0.10339   0.16820   0.22977   0.27921   0.31067   0.32058   0.30683
  1.47394   1.42624   1.28967   1.09212   0.86646   0.64319   0.44224   0.27308   0.14166   0.05106   0.00271  -0.00476   0.02297   0.07610   0.14251   0.21024   0.26954   0.31296   0.33504   0.33167
  0.94556   0.92484   0.85276   0.74462   0.61674   0.48348   0.35402   0.23388   0.12979   0.04916  -0.00086  -0.01582   0.00341   0.05045   0.11517   0.18619   0.25318   0.30717   0.34060   0.34733
  0.57040   0.56805   0.54128   0.49715   0.44073   0.37459   0.29948   0.21709   0.13396   0.06015   0.00686  -0.01714  -0.00875   0.02900   0.08837   0.15919   0.23115   0.29414   0.33846   0.35575
  0.33978   0.34768   0.34849   0.34487   0.33530   0.31460   0.27726   0.22186   0.15395   0.08450   0.02699  -0.00686  -0.01100   0.01459   0.06489   0.13169   0.20541   0.27545   0.33023   0.35891
  0.22615   0.23852   0.25342   0.27189   0.28953   0.29665   0.28362   0.24640   0.18905   0.12219   0.06006   0.01601  -0.00165   0.00966   0.04775   0.10688   0.17895   0.25357   0.31776   0.35822
  0.19548   0.20913   0.22939   0.25751   0.28871   0.31109   0.31252   0.28699   0.23668   0.17109   0.10431   0.05036   0.01910   0.01519   0.03905   0.08753   0.15451   0.23054   0.30185   0.35308
  0.21483   0.22849   0.24935   0.27983   0.31606   0.34563   0.35493   0.33663   0.29091   0.22577   0.15481   0.09213   0.04836   0.02979   0.03882   0.07465   0.13327   0.20676   0.28134   0.34038
  0.25519   0.26828   0.28749   0.31659   0.35311   0.38511   0.39832   0.38453   0.34232   0.27791   0.20432   0.13536   0.08162   0.05030   0.04524   0.06737   0.11459   0.18098   0.25371   0.31586
  0.29319   0.30517   0.32176   0.34781   0.38231   0.41414   0.42931   0.41898   0.38050   0.31849   0.24526   0.17383   0.11401   0.07300   0.05554   0.06365   0.09685   0.15150   0.21666   0.27641
  0.31292   0.32313   0.33682   0.35942   0.39107   0.42166   0.43797   0.43122   0.39777   0.34105   0.27223   0.20281   0.14139   0.09445   0.06683   0.06130   0.07866   0.11775   0.17033   0.22271
  0.30715   0.31546   0.32670   0.34633   0.37516   0.40428   0.42158   0.41896   0.39232   0.34388   0.28337   0.22023   0.16138   0.11221   0.07709   0.05910   0.06021   0.08173   0.11867   0.16051
  0.27750   0.28481   0.29485   0.31267   0.33909   0.36657   0.38464   0.38624   0.36753   0.32941   0.27992   0.22621   0.17325   0.12517   0.08555   0.05733   0.04368   0.04818   0.06911   0.09966
  0.23243   0.24071   0.25142   0.26880   0.29330   0.31860   0.33630   0.34092   0.32959   0.30218   0.26469   0.22208   0.17733   0.13311   0.09219   0.05708   0.03202   0.02250   0.02970   0.05049
  0.18320   0.19497   0.20829   0.22627   0.24888   0.27090   0.28622   0.29146   0.28518   0.26700   0.24092   0.20975   0.17457   0.13645   0.09737   0.05934   0.02744   0.00848   0.00594   0.01982
  0.13970   0.15728   0.17460   0.19345   0.21337   0.23030   0.24047   0.24310   0.23864   0.22715   0.21099   0.19080   0.16576   0.13536   0.10078   0.06366   0.02962   0.00613  -0.00180   0.00817
