  2.85519   2.72470   2.39825   1.94692   1.45634   0.99968   0.62256   0.34163   0.14890   0.02675  -0.04293  -0.07557  -0.08429  -0.08069  -0.07474  -0.07305  -0.07745  -0.08497  -0.08998  -0.08732
  2.73881   2.61525   2.30435   1.87462   1.40805   0.97411   0.61537   0.34605   0.15789   0.03414  -0.04209  -0.08473  -0.10512  -0.11294  -0.11632  -0.12040  -0.12623  -0.13084  -0.12924  -0.11736
  2.43076   2.32279   2.05033   1.67387   1.26521   0.88460   0.56838   0.32782   0.15549   0.03704  -0.04165  -0.09185  -0.12246  -0.14074  -0.15257  -0.16139  -0.16737  -0.16765  -0.15811  -0.13601
  2.00280   1.91595   1.69649   1.39333   1.06381   0.75542   0.49631   0.29487   0.14557   0.03774  -0.03895  -0.09264  -0.12963  -0.15492  -0.17231  -0.18363  -0.18824  -0.18333  -0.16566  -0.13371
  1.53817   1.47422   1.31243   1.08883   0.84482   0.61404   0.41606   0.25684   0.13334   0.03932  -0.03142  -0.08395  -0.12244  -0.15021  -0.16952  -0.18094  -0.18305  -0.17298  -0.14805  -0.10759
  1.10793   1.06511   0.95665   0.80658   0.64158   0.48253   0.34122   0.22163   0.12343   0.04469  -0.01697  -0.06411  -0.09950  -0.12559  -0.14374  -0.15362  -0.15309  -0.13896  -0.10864  -0.06183
  0.75642   0.73014   0.66440   0.57371   0.47296   0.37282   0.27887   0.19352   0.11874   0.05597   0.00564  -0.03307  -0.06214  -0.08382  -0.09915  -0.10716  -0.10500  -0.08889  -0.05583  -0.00537
  0.49638   0.48098   0.44493   0.39645   0.34234   0.28633   0.22956   0.17292   0.11973   0.07356   0.03636   0.00795  -0.01346  -0.03007  -0.04265  -0.04978  -0.04787  -0.03240   0.00031   0.05138
  0.31780   0.30800   0.28959   0.26746   0.24400   0.21894   0.19066   0.15832   0.12542   0.09628   0.07330   0.05602   0.04213   0.02953   0.01810   0.01007   0.00963   0.02196   0.05148   0.10003
  0.20365   0.19561   0.18577   0.17786   0.17257   0.16797   0.16105   0.14913   0.13490   0.12223   0.11307   0.10633   0.09889   0.08860   0.07634   0.06554   0.06122   0.06878   0.09294   0.13607
  0.13907   0.13098   0.12434   0.12284   0.12694   0.13456   0.14239   0.14616   0.14735   0.14869   0.15104   0.15246   0.14958   0.14012   0.12593   0.11168   0.10312   0.10559   0.12335   0.15870
  0.11276   0.10474   0.09927   0.10005   0.10781   0.12094   0.13660   0.14970   0.16079   0.17142   0.18125   0.18757   0.18689   0.17741   0.16169   0.14511   0.13366   0.13210   0.14352   0.16952
  0.11408   0.10734   0.10321   0.10480   0.11272   0.12591   0.14232   0.15722   0.17105   0.18474   0.19716   0.20503   0.20482   0.19538   0.17977   0.16349   0.15194   0.14853   0.15468   0.17075
  0.13078   0.12670   0.12503   0.12742   0.13361   0.14273   0.15368   0.16324   0.17265   0.18322   0.19370   0.20051   0.20018   0.19194   0.17891   0.16614   0.15781   0.15532   0.15792   0.16456
  0.14971   0.14924   0.15115   0.15492   0.15870   0.16129   0.16249   0.16154   0.16139   0.16430   0.16960   0.17389   0.17379   0.16835   0.16035   0.15395   0.15172   0.15276   0.15403   0.15307
  0.16001   0.16372   0.17007   0.17597   0.17752   0.17279   0.16242   0.14856   0.13651   0.12987   0.12873   0.13002   0.13047   0.12894   0.12757   0.12930   0.13501   0.14171   0.14432   0.13916
  0.15665   0.16510   0.17659   0.18534   0.18536   0.17379   0.15214   0.12542   0.10141   0.08532   0.07791   0.07629   0.07730   0.07979   0.08527   0.09558   0.11014   0.12428   0.13143   0.12686
  0.14143   0.15562   0.17291   0.18520   0.18452   0.16714   0.13560   0.09749   0.06270   0.03794   0.02470   0.02027   0.02142   0.02709   0.03851   0.05677   0.08036   0.10366   0.11905   0.12072
  0.12125   0.14243   0.16610   0.18222   0.18135   0.15922   0.11932   0.07141   0.02718  -0.00550  -0.02451  -0.03232  -0.03197  -0.02445  -0.00856   0.01660   0.04925   0.08343   0.11076   0.12418
  0.10440   0.13344   0.16363   0.18338   0.18226   0.15579   0.10851   0.05184  -0.00108  -0.04135  -0.06640  -0.07837  -0.07996  -0.07188  -0.05280  -0.02162   0.02008   0.06638   0.10837   0.13768
