  2.79808   2.67204   2.35877   1.92366   1.44609   0.99494   0.61649   0.33349   0.14201   0.02779  -0.02484  -0.02981   0.00095   0.05539   0.12079   0.18485   0.23689   0.27024   0.28241   0.27453
  2.70225   2.57315   2.26559   1.84255   1.38027   0.94429   0.57894   0.30583   0.12074   0.00958  -0.04307  -0.05072  -0.02429   0.02598   0.08962   0.15668   0.21797   0.26674   0.29866   0.31176
  2.41327   2.28962   2.01014   1.63046   1.21755   0.82871   0.50208   0.25661   0.08879  -0.01351  -0.06365  -0.07336  -0.05177  -0.00708   0.05265   0.11995   0.18749   0.24899   0.29890   0.33242
  2.00096   1.88813   1.65118   1.33531   0.99387   0.67226   0.40053   0.19395   0.05031  -0.03938  -0.08520  -0.09596  -0.07863  -0.03949   0.01546   0.08093   0.15158   0.22206   0.28627   0.33734
  1.54626   1.44676   1.25764   1.01261   0.75020   0.50261   0.29119   0.12709   0.00969  -0.06642  -0.10729  -0.11835  -0.10439  -0.07008  -0.01988   0.04255   0.11362   0.18920   0.26320   0.32750
  1.11774   1.03129   0.88716   0.70849   0.52027   0.34236   0.18798   0.06397  -0.02902  -0.09281  -0.12937  -0.14080  -0.12982  -0.09984  -0.05424   0.00446   0.07410   0.15159   0.23126   0.30436
  0.75977   0.68447   0.57708   0.45282   0.32606   0.20676   0.10088   0.01108  -0.06139  -0.11532  -0.14915  -0.16206  -0.15482  -0.12966  -0.08906  -0.03470   0.03228   0.10957   0.19185   0.27019
  0.49052   0.42402   0.34345   0.25909   0.17842   0.10439   0.03680  -0.02563  -0.08180  -0.12855  -0.16173  -0.17803  -0.17636  -0.15763  -0.12330  -0.07427  -0.01094   0.06479   0.14771   0.22884
  0.30427   0.24518   0.18352   0.12692   0.07908   0.03838   0.00005  -0.04080  -0.08408  -0.12587  -0.16039  -0.18226  -0.18856  -0.17856  -0.15245  -0.11022  -0.05171   0.02136   0.10357   0.18570
  0.18588   0.13468   0.08714   0.04999   0.02531   0.00902  -0.00681  -0.03037  -0.06316  -0.10155  -0.13887  -0.16810  -0.18442  -0.18531  -0.16935  -0.13554  -0.08318  -0.01402   0.06608   0.14744
  0.11753   0.07620   0.04109   0.01904   0.01172   0.01402   0.01602   0.00664  -0.01761  -0.05369  -0.09460  -0.13194  -0.15920  -0.17201  -0.16737  -0.14321  -0.09841  -0.03470   0.04145   0.11973
  0.08265   0.05357   0.03118   0.02263   0.02972   0.04695   0.06328   0.06548   0.04816   0.01360  -0.03077  -0.07557  -0.11297  -0.13711  -0.14362  -0.12959  -0.09352  -0.03709   0.03271   0.10496
  0.06654   0.05117   0.04220   0.04673   0.06671   0.09633   0.12400   0.13530   0.12363   0.09052   0.04403  -0.00593  -0.05090  -0.08407  -0.10027  -0.09598  -0.06953  -0.02233   0.03838   0.10134
  0.05648   0.05466   0.05902   0.07616   0.10774   0.14769   0.18401   0.20233   0.19553   0.16486   0.11882   0.06742   0.01888  -0.01987  -0.04337  -0.04788  -0.03164   0.00441   0.05335   0.10407
  0.04271   0.05252   0.06893   0.09750   0.13916   0.18745   0.23025   0.25417   0.25252   0.22639   0.18435   0.13580   0.08815   0.04763   0.01947   0.00732   0.01309   0.03658   0.07169   0.10818
  0.01969   0.03823   0.06457   0.10276   0.15268   0.20735   0.25501   0.28392   0.28855   0.26972   0.23547   0.19387   0.15107   0.11214   0.08174   0.06324   0.05885   0.06931   0.08985   0.11170
 -0.01312   0.01135   0.04531   0.09114   0.14726   0.20640   0.25766   0.29149   0.30359   0.29450   0.27104   0.23954   0.20449   0.16974   0.13923   0.11599   0.10268   0.10110   0.10799   0.11655
 -0.05225  -0.02375   0.01594   0.06755   0.12799   0.18971   0.24329   0.28153   0.30149   0.30334   0.29227   0.27260   0.24706   0.21834   0.18970   0.16381   0.14389   0.13274   0.12858   0.12666
 -0.09253  -0.06080  -0.01670   0.03892   0.10173   0.16406   0.21819   0.25935   0.28619   0.29864   0.30014   0.29289   0.27789   0.25658   0.23176   0.20572   0.18227   0.16501   0.15346   0.14479
 -0.12937  -0.09443  -0.04694   0.01081   0.07361   0.13406   0.18619   0.22779   0.25930   0.28089   0.29430   0.29957   0.29572   0.28298   0.26367   0.23993   0.21613   0.19639   0.18131   0.16965
