  2.36702   2.26253   1.97680   1.58112   1.16159   0.78922   0.50284   0.30872   0.19161   0.12837   0.09766   0.08422   0.07891   0.07702   0.07640   0.07622   0.07617   0.07616   0.07616   0.07616
  2.26253   2.16280   1.89010   1.51247   1.11208   0.75670   0.48338   0.29811   0.18635   0.12598   0.09668   0.08386   0.07879   0.07698   0.07639   0.07622   0.07617   0.07616   0.07616   0.07616
  1.97680   1.89010   1.65304   1.32476   0.97670   0.66776   0.43016   0.26910   0.17194   0.11947   0.09400   0.08285   0.07844   0.07687   0.07636   0.07621   0.07617   0.07616   0.07616   0.07616
  1.58112   1.51247   1.32476   1.06483   0.78922   0.54460   0.35646   0.22893   0.15200   0.11045   0.09028   0.08146   0.07797   0.07672   0.07632   0.07620   0.07617   0.07616   0.07616   0.07616
  1.16159   1.11208   0.97670   0.78922   0.59044   0.41401   0.27832   0.18635   0.13086   0.10089   0.08635   0.07998   0.07746   0.07656   0.07627   0.07619   0.07616   0.07616   0.07616   0.07616
  0.78922   0.75670   0.66776   0.54460   0.41401   0.29811   0.20897   0.14854   0.11209   0.09241   0.08285   0.07867   0.07702   0.07642   0.07623   0.07618   0.07616   0.07616   0.07616   0.07616
  0.50284   0.48338   0.43016   0.35646   0.27832   0.20897   0.15563   0.11947   0.09766   0.08588   0.08016   0.07766   0.07667   0.07632   0.07620   0.07617   0.07616   0.07616   0.07616   0.07616
  0.30872   0.29811   0.26910   0.22893   0.18635   0.14854   0.11947   0.09977   0.08788   0.08146   0.07834   0.07698   0.07644   0.07624   0.07618   0.07616   0.07616   0.07616   0.07616   0.07616
  0.19161   0.18635   0.17194   0.15200   0.13086   0.11209   0.09766   0.08788   0.08198   0.07879   0.07724   0.07656   0.07630   0.07620   0.07617   0.07616   0.07616   0.07616   0.07616   0.07616
  0.12837   0.12598   0.11947   0.11045   0.10089   0.09241   0.08588   0.08146   0.07879   0.07735   0.07665   0.07634   0.07622   0.07618   0.07616   0.07616   0.07616   0.07616   0.07616   0.07616
  0.09766   0.09668   0.09400   0.09028   0.08635   0.08285   0.08016   0.07834   0.07724   0.07665   0.07636   0.07623   0.07618   0.07617   0.07616   0.07616   0.07616   0.07616   0.07616   0.07616
  0.08422   0.08386   0.08285   0.08146   0.07998   0.07867   0.07766   0.07698   0.07656   0.07634   0.07623   0.07619   0.07617   0.07616   0.07616   0.07616   0.07616   0.07616   0.07616   0.07616
  0.07891   0.07879   0.07844   0.07797   0.07746   0.07702   0.07667   0.07644   0.07630   0.07622   0.07618   0.07617   0.07616   0.07616   0.07616   0.07616   0.07616   0.07616   0.07616   0.07616
  0.07702   0.07698   0.07687   0.07672   0.07656   0.07642   0.07632   0.07624   0.07620   0.07618   0.07617   0.07616   0.07616   0.07616   0.07616   0.07616   0.07616   0.07616   0.07616   0.07616
  0.07640   0.07639   0.07636   0.07632   0.07627   0.07623   0.07620   0.07618   0.07617   0.07616   0.07616   0.07616   0.07616   0.07616   0.07616   0.07616   0.07616   0.07616   0.07616   0.07616
  0.07622   0.07622   0.07621   0.07620   0.07619   0.07618   0.07617   0.07616   0.07616   0.07616   0.07616   0.07616   0.07616   0.07616   0.07616   0.07616   0.07616   0.07616   0.07616   0.07616
  0.07617   0.07617   0.07617   0.07617   0.07616   0.07616   0.07616   0.07616   0.07616   0.07616   0.07616   0.07616   0.07616   0.07616   0.07616   0.07616   0.07616   0.07616   0.07616   0.07616
  0.07616   0.07616   0.07616   0.07616   0.07616   0.07616   0.07616   0.07616   0.07616   0.07616   0.07616   0.07616   0.07616   0.07616   0.07616   0.07616   0.07616   0.07616   0.07616   0.07616
  0.07616   0.07616   0.07616   0.07616   0.07616   0.07616   0.07616   0.07616   0.07616   0.07616   0.07616   0.07616   0.07616   0.07616   0.07616   0.07616   0.07616   0.07616   0.07616   0.07616
  0.07616   0.07616   0.07616   0.07616   0.07616   0.07616   0.07616   0.07616   0.07616   0.07616   0.07616   0.07616   0.07616   0.07616   0.07616   0.07616   0.07616   0.07616   0.07616   0.07616
