  2.32260   2.17940   1.87952   1.48803   1.07948   0.71489   0.42777   0.22361   0.09114   0.01369  -0.02215  -0.02459   0.00057   0.04540   0.09882   0.14861   0.18402   0.19768   0.18709   0.15472
  2.27723   2.13327   1.83623   1.44929   1.04499   0.68292   0.39585   0.18933   0.05265  -0.03032  -0.07213  -0.07992  -0.05840  -0.01468   0.04075   0.09574   0.13976   0.16550   0.16995   0.15440
  2.06571   1.93087   1.65805   1.30400   0.93380   0.60092   0.33478   0.14065   0.00917  -0.07400  -0.11944  -0.13234  -0.11561  -0.07523  -0.02077   0.03660   0.08691   0.12332   0.14254   0.14435
  1.74171   1.62300   1.38925   1.08770   0.77229   0.48712   0.25639   0.08495  -0.03465  -0.11400  -0.16093  -0.17808  -0.16614  -0.12978  -0.07774  -0.02004   0.03457   0.07991   0.11246   0.13063
  1.37142   1.27218   1.08423   0.84401   0.59259   0.36328   0.17436   0.03026  -0.07432  -0.14788  -0.19503  -0.21566  -0.20802  -0.17556  -0.12626  -0.06920  -0.01195   0.04023   0.08380   0.11593
  1.01562   0.93583   0.79279   0.61254   0.42371   0.24900   0.10092  -0.01640  -0.10625  -0.17402  -0.22120  -0.24509  -0.24150  -0.21271  -0.16622  -0.11029  -0.05155   0.00554   0.05748   0.10054
  0.71754   0.65478   0.55027   0.42139   0.28618   0.15818   0.04492  -0.04971  -0.12737  -0.19069  -0.23847  -0.26583  -0.26651  -0.24175  -0.19855  -0.14452  -0.08544  -0.02524   0.03259   0.08359
  0.49710   0.44768   0.37267   0.28316   0.18928   0.09751   0.01131  -0.06578  -0.13434  -0.19476  -0.24368  -0.27466  -0.28005  -0.26027  -0.22164  -0.17098  -0.11335  -0.05217   0.00896   0.06490
  0.34943   0.31015   0.25638   0.19528   0.13173   0.06712   0.00172  -0.06182  -0.12335  -0.18159  -0.23156  -0.26580  -0.27616  -0.26253  -0.23034  -0.18539  -0.13184  -0.07252  -0.01118   0.04642
  0.25804   0.22728   0.18924   0.14891   0.10803   0.06460   0.01622  -0.03579  -0.09087  -0.14644  -0.19637  -0.23265  -0.24760  -0.24097  -0.21712  -0.18062  -0.13454  -0.08081  -0.02316   0.03213
  0.20491   0.18267   0.15771   0.13405   0.11166   0.08629   0.05336   0.01253  -0.03541  -0.08691  -0.13498  -0.17153  -0.19009  -0.19071  -0.17664  -0.15123  -0.11629  -0.07236  -0.02289   0.02553
  0.17554   0.16254   0.14989   0.14114   0.13533   0.12669   0.10883   0.07979   0.04039  -0.00524  -0.04954  -0.08466  -0.10575  -0.11345  -0.11002  -0.09768  -0.07708  -0.04689  -0.00989   0.02727
  0.15994   0.15648   0.15569   0.16084   0.17042   0.17764   0.17473   0.15838   0.12910   0.09102   0.05201   0.01930  -0.00377  -0.01840  -0.02595  -0.02783  -0.02364  -0.00987   0.01166   0.03445
  0.15137   0.15644   0.16626   0.18379   0.20721   0.22904   0.24066   0.23779   0.22021   0.19123   0.15841   0.12822   0.10297   0.08123   0.06260   0.04631   0.03367   0.03024   0.03535   0.04283
  0.14547   0.15670   0.17466   0.20209   0.23690   0.27145   0.29665   0.30763   0.30309   0.28459   0.25850   0.23029   0.20211   0.17291   0.14348   0.11360   0.08546   0.06632   0.05644   0.05013
  0.13977   0.15408   0.17701   0.21105   0.25433   0.29907   0.33598   0.36041   0.36938   0.36216   0.34324   0.31656   0.28498   0.24855   0.20941   0.16803   0.12752   0.09620   0.07489   0.05835
  0.13344   0.14800   0.17280   0.21029   0.25872   0.31034   0.35610   0.39188   0.41327   0.41701   0.40527   0.38045   0.34623   0.30425   0.25801   0.20885   0.16082   0.12254   0.09486   0.07294
  0.12663   0.13970   0.16411   0.20217   0.25207   0.30627   0.35650   0.39959   0.43037   0.44345   0.43860   0.41679   0.38241   0.33852   0.28975   0.23822   0.18883   0.14974   0.12141   0.09937
  0.11954   0.13044   0.15293   0.18875   0.23598   0.28758   0.33647   0.38112   0.41659   0.43631   0.43789   0.42104   0.39048   0.34997   0.30475   0.25745   0.21344   0.17978   0.15639   0.13909
  0.11174   0.12046   0.13980   0.17061   0.21073   0.25391   0.29494   0.33461   0.36950   0.39274   0.40035   0.39097   0.36889   0.33773   0.30254   0.26604   0.23345   0.21053   0.19658   0.18769
